# Wavelength Temperature Relative_QE
1000.0 -133.45 0.802335596701
1003.0 -133.25 0.792002860256
1008.0 -133.05 0.785117675369
1011.0 -132.65 0.765559846141
1016.0 -132.45 0.750139662826
1020.0 -132.35 0.730510007654
1023.0 -131.75 0.710144456756
1028.0 -131.55 0.667523000114
1032.0 -131.35 0.625020303582
1036.0 -130.95 0.599551207122
1040.0 -130.65 0.614365002118
1043.0 -130.45 0.604528916079
1048.0 -129.85 0.59334669948
1051.0 -129.75 0.576423671436
1056.0 -129.25 0.556046648491
1060.0 -128.75 0.55596222118
1063.0 -128.45 0.531573543451
1068.0 -128.25 0.522542152656
1072.0 -127.65 0.48088750392
1076.0 -127.25 0.476936046303
1080.0 -126.85 0.468722363798
1084.0 -126.15 0.454872328986
1088.0 -125.85 0.449908443817
1092.0 -125.45 0.447076556461
1096.0 -124.55 0.499745683373
1100.0 -124.05 0.502937881325
850.0 -122.85 0.991349517332
860.0 -122.65 0.984849597232
870.0 -122.65 0.984279376392
880.0 -122.35 0.980620948933
889.0 -122.25 0.973192810687
900.0 -122.05 0.967259794965
910.0 -121.75 0.959878420046
920.0 -121.55 0.950394104374
930.0 -121.55 0.950191819619
939.0 -121.15 0.939238040775
950.0 -121.05 0.928887753334
960.0 -120.85 0.92493218501
970.0 -120.55 0.917248046256
980.0 -120.45 0.907921752668
989.0 -120.25 0.894854327217
1000.0 -119.95 0.882488814113
1000.0 -119.45 0.885655244282
1003.0 -119.35 0.877341632763
1008.0 -119.35 0.874428854084
1011.0 -118.85 0.862831209556
1016.0 -118.75 0.849046597798
1020.0 -118.55 0.843681146647
1023.0 -118.25 0.834545461108
1028.0 -118.05 0.804230043512
1032.0 -117.95 0.784479575566
1036.0 -117.75 0.751056612953
1040.0 -117.55 0.773071750711
1043.0 -117.25 0.766581974233
1048.0 -116.95 0.758046768845
1051.0 -116.85 0.747775564878
1056.0 -116.65 0.735123009849
1060.0 -116.25 0.736854890928
1063.0 -116.15 0.718073195504
1068.0 -115.95 0.714485917919
1072.0 -115.55 0.687652193359
1076.0 -115.25 0.686036402178
1080.0 -115.05 0.679261555919
1084.0 -114.55 0.679617329628
1088.0 -114.25 0.675104886854
1092.0 -114.05 0.671446100722
1096.0 -113.35 0.699716018104
1100.0 -113.15 0.693854394429
850.0 -112.25 0.992766743233
860.0 -112.15 0.98688570486
870.0 -112.05 0.989961553677
880.0 -111.85 0.993346503776
889.0 -111.85 0.988970468298
900.0 -111.65 0.984273200309
910.0 -111.45 0.97680952073
920.0 -111.25 0.975590469227
930.0 -111.15 0.972386495737
939.0 -110.85 0.972905106602
950.0 -110.75 0.964273953461
960.0 -110.65 0.959912107186
970.0 -110.55 0.957835024662
980.0 -110.45 0.951467701541
989.0 -110.35 0.948230790708
1000.0 -110.15 0.936837988655
1000.0 -109.65 0.944919474609
1003.0 -109.55 0.939345584664
1008.0 -109.45 0.935836323989
1011.0 -109.35 0.928134999267
1016.0 -109.25 0.924209895135
1020.0 -109.05 0.920012987917
1023.0 -108.75 0.917391236346
1028.0 -108.65 0.902332290058
1032.0 -108.55 0.893018109718
1036.0 -108.35 0.87619202067
1040.0 -108.25 0.894138538238
1043.0 -108.15 0.886790346009
1048.0 -107.95 0.8888893112
1051.0 -107.75 0.881348079721
1056.0 -107.75 0.877802240037
1060.0 -107.45 0.866585393083
1063.0 -107.35 0.857700259043
1068.0 -107.15 0.864775443434
1072.0 -106.85 0.851682907917
1076.0 -106.75 0.849418096986
1080.0 -106.55 0.853892367196
1084.0 -106.25 0.854542979952
1088.0 -105.95 0.858916120015
1092.0 -105.75 0.860251915674
1096.0 -105.35 0.870141186262
1100.0 -105.05 0.868603997262
850.0 -104.45 0.993081682322
860.0 -104.45 0.991897662098
870.0 -104.35 0.994617782286
880.0 -104.25 0.998539798743
889.0 -104.15 0.996799982601
900.0 -103.95 0.996754997688
910.0 -103.85 0.991916662089
920.0 -103.85 0.989566265896
930.0 -103.65 0.990077316189
939.0 -103.45 0.992039007359
950.0 -103.45 0.987414436549
960.0 -103.35 0.987405713102
970.0 -103.25 0.987469260255
980.0 -103.15 0.985040951242
989.0 -103.05 0.980497395264
1000.0 -102.95 0.981735132842
1000.0 -102.55 0.982585815574
1003.0 -102.45 0.982157837166
1008.0 -102.35 0.980347084408
1011.0 -102.25 0.981658689187
1016.0 -102.15 0.982399229299
1020.0 -102.15 0.981649929262
1023.0 -101.95 0.978744752961
1028.0 -101.85 0.979925738276
1032.0 -101.75 0.976038541692
1036.0 -101.65 0.974835346949
1040.0 -101.65 0.977565364697
1043.0 -101.45 0.980433682039
1048.0 -101.35 0.979219125626
1051.0 -101.25 0.980342858219
1056.0 -101.15 0.979813247129
1060.0 -100.95 0.984048942774
1063.0 -100.85 0.983519413416
1068.0 -100.75 0.985302757523
1072.0 -100.55 0.987962596105
1076.0 -100.45 0.990036643577
1080.0 -100.25 0.994145527897
1084.0 -100.05 0.998749979488
1088.0 -99.85 1.00355673647
1092.0 -99.65 1.00850640513
1096.0 -99.35 1.01577723905
1100.0 -99.15 1.02211615888
850.0 -98.55 1.00225428329
860.0 -98.45 1.00282216264
870.0 -98.45 1.00191780171
880.0 -98.25 1.00060125934
889.0 -98.15 1.00142651378
900.0 -97.95 1.00168411512
910.0 -97.75 1.00472402865
920.0 -97.75 1.00609763681
930.0 -97.65 1.00638857725
939.0 -97.45 1.00588421195
950.0 -97.25 1.01003197087
960.0 -97.05 1.01109049145
970.0 -96.95 1.0117596173
980.0 -96.85 1.01495904876
989.0 -96.65 1.02142089373
1000.0 -96.55 1.02356036716
1000.0 -96.15 1.02563981384
1003.0 -95.95 1.02949418754
1008.0 -95.85 1.03470621264
1011.0 -95.75 1.0346446982
1016.0 -95.65 1.03561086165
1020.0 -95.55 1.03798037897
1023.0 -95.35 1.05068558909
1028.0 -95.25 1.05154202335
1032.0 -95.05 1.06777669636
1036.0 -94.95 1.07701908964
1040.0 -94.85 1.07002325564
1043.0 -94.75 1.07084356503
1048.0 -94.55 1.08389315951
1051.0 -94.45 1.08727770951
1056.0 -94.45 1.09742302472
1060.0 -94.25 1.09654587269
1063.0 -94.15 1.11342521355
1068.0 -93.95 1.11855775598
1072.0 -93.85 1.13460006174
1076.0 -93.65 1.14059402953
1080.0 -93.55 1.15104538025
1084.0 -93.25 1.16875276911
1088.0 -93.15 1.18771399981
1092.0 -93.05 1.19745678809
1096.0 -92.85 1.20407362992
1100.0 -92.65 1.20913791632
850.0 -92.25 1.00056148569
860.0 -92.15 1.00094267868
870.0 -92.15 1.0057059199
880.0 -92.05 1.0124150143
889.0 -91.95 1.01431753228
900.0 -91.95 1.01436466724
910.0 -91.75 1.00813403956
920.0 -91.65 1.01009072158
930.0 -91.65 1.01470650888
939.0 -91.55 1.02278224116
950.0 -91.45 1.02497958989
960.0 -91.45 1.02939037564
970.0 -91.25 1.0297786458
980.0 -91.15 1.03896572731
989.0 -91.15 1.0488266755
1000.0 -91.05 1.06151026904
1000.0 -90.75 1.06259725253
1003.0 -90.75 1.06302013388
1008.0 -90.65 1.07236173664
1011.0 -90.55 1.07971213392
1016.0 -90.45 1.08230170463
1020.0 -90.45 1.09109631932
1023.0 -90.35 1.09795797075
1028.0 -90.25 1.11131365484
1032.0 -90.25 1.13994327492
1036.0 -90.15 1.16021887536
1040.0 -90.05 1.13778781642
1043.0 -89.95 1.14394496411
1048.0 -89.85 1.15819880085
1051.0 -89.85 1.17032830958
1056.0 -89.65 1.1809878667
1060.0 -89.55 1.18331212182
1063.0 -89.55 1.19385783241
1068.0 -89.35 1.21150842061
1072.0 -89.35 1.23277094611
1076.0 -89.25 1.23639161667
1080.0 -89.15 1.25475235583
1084.0 -89.05 1.27613677058
1088.0 -88.95 1.29851286438
1092.0 -88.85 1.30544908807
1096.0 -88.65 1.31101272064
1100.0 -88.65 1.31605998198
850.0 -84.05 1.00130946602
854.0 -84.05 1.00131569047
858.0 -84.05 0.992533944767
862.0 -84.05 0.997460293943
866.0 -83.95 1.00493903766
870.0 -83.95 1.00677132815
874.0 -83.95 1.00796029779
878.0 -83.95 1.00865637341
882.0 -83.95 1.01248221299
886.0 -83.95 1.00992660363
889.0 -83.85 1.01467341929
893.0 -83.95 1.01622676482
897.0 -83.85 1.01928681174
902.0 -83.75 1.01724358725
906.0 -83.75 1.01795540138
910.0 -83.75 1.01439894333
914.0 -83.75 1.0187792245
918.0 -83.75 1.01747394509
922.0 -83.65 1.02478009324
926.0 -83.65 1.02614629136
930.0 -83.65 1.02890785558
934.0 -83.65 1.04059359954
938.0 -83.65 1.04557362774
942.0 -83.55 1.03632692445
946.0 -83.55 1.03213837787
950.0 -83.55 1.04380574562
954.0 -83.55 1.04812493314
958.0 -83.55 1.05627320781
962.0 -83.55 1.05925377819
966.0 -83.45 1.06062236167
970.0 -83.45 1.06047282424
974.0 -83.45 1.06985977935
978.0 -83.45 1.06963026641
982.0 -83.35 1.075772938
986.0 -83.35 1.08798004887
989.0 -83.35 1.09280554828
993.0 -83.35 1.0979853066
997.0 -83.35 1.10058486492
1002.0 -83.35 1.11074785362
1006.0 -83.35 1.11816337484
1010.0 -83.25 1.12779706412
1013.0 -83.25 1.12914247005
1018.0 -83.25 1.14650945861
1021.0 -83.15 1.15604486184
1026.0 -83.15 1.18297261763
1030.0 -83.15 1.21093213653
1033.0 -83.15 1.21894901345
1038.0 -83.15 1.24591354214
1041.0 -83.15 1.22700881151
1046.0 -83.15 1.24550210276
1050.0 -83.15 1.2612383349
1053.0 -83.15 1.28297854257
1058.0 -83.15 1.30315249167
1061.0 -83.05 1.31176018012
1066.0 -83.05 1.34341693664
1070.0 -83.05 1.35939074743
1074.0 -83.05 1.38148927796
1078.0 -83.05 1.40402356801
1082.0 -83.05 1.44449857352
1086.0 -82.95 1.46657631222
1090.0 -82.95 1.48135654912
1094.0 -82.95 1.48669309003
1098.0 -82.95 1.48300760043
